0.387 -0.011 
0.943 0.491 
0.313 0.410 
0.728 0.211 
0.254 0.130 
0.494 0.127 
0.235 0.237 
-0.115 0.724 
0.182 0.395 
1.087 0.434 
0.493 0.628 
0.253 0.330 
1.191 1.227 
0.431 0.791 
0.339 0.443 
0.288 0.335 
0.269 0.380 
0.355 0.911 
0.920 0.393 
0.254 0.084 
0.632 0.076 
0.414 0.794 
0.649 0.311 
-0.105 0.593 
1.235 0.487 
0.224 0.983 
0.439 0.548 
0.546 0.637 
0.794 0.791 
0.289 0.702 
0.280 0.220 
0.740 0.134 
0.475 0.301 
0.443 0.283 
0.841 1.190 
1.248 0.430 
0.555 0.599 
0.503 -0.078 
0.675 0.507 
0.608 0.568 
0.721 0.894 
0.582 0.441 
0.538 0.740 
0.511 1.014 
0.825 0.430 
0.203 0.608 
1.002 0.833 
0.500 0.205 
0.986 0.492 
0.638 0.882 
0.760 0.479 
0.518 0.766 
0.969 1.466 
0.862 0.991 
0.907 0.570 
0.637 1.103 
0.388 0.152 
0.582 0.120 
1.230 0.890 
0.569 0.392 
0.227 -0.102 
0.099 0.852 
0.954 0.692 
0.564 0.737 
-0.138 0.475 
0.990 0.860 
0.191 0.142 
0.876 0.821 
0.535 0.630 
0.142 0.379 
0.392 0.517 
0.346 -0.323 
-0.056 0.662 
0.100 0.312 
0.616 0.475 
-0.047 0.904 
0.521 0.319 
0.376 0.229 
0.329 0.166 
0.442 -0.340 
0.588 0.383 
0.953 0.467 
0.385 0.408 
0.274 0.392 
1.007 0.966 
0.714 0.798 
0.207 0.487 
1.025 0.958 
0.357 0.082 
0.432 0.773 
0.694 0.280 
1.141 0.789 
0.853 1.657 
-0.191 0.144 
0.844 0.356 
0.025 0.577 
-0.090 0.363 
0.291 0.155 
1.077 0.711 
1.389 0.188 
1.331 1.025 
0.879 0.599 
0.081 0.163 
0.878 1.023 
0.917 0.415 
0.905 0.866 
0.547 0.581 
0.422 -0.278 
0.636 0.167 
0.840 1.038 
0.663 0.874 
0.438 0.506 
0.534 0.511 
0.496 0.403 
0.362 -0.107 
0.462 0.354 
0.932 1.194 
0.714 0.102 
0.421 1.175 
0.880 0.630 
0.624 0.745 
0.145 0.005 
-0.067 0.500 
0.977 1.023 
0.333 0.439 
0.283 0.752 
0.078 0.512 
0.617 0.585 
0.383 1.172 
0.688 1.112 
0.007 0.813 
0.550 0.488 
0.504 0.264 
-0.060 0.717 
0.132 -0.090 
1.064 0.181 
0.781 0.697 
1.272 0.892 
0.042 0.342 
0.199 -0.275 
0.651 0.823 
0.858 0.622 
1.116 1.047 
0.608 0.618 
0.943 0.650 
0.294 0.288 
0.500 0.505 
0.881 1.371 
0.772 0.245 
0.469 0.430 
0.812 0.563 
1.104 1.098 
0.448 0.920 
0.082 0.589 
0.927 0.510 
0.265 0.422 
-0.117 0.361 
0.667 0.762 
0.745 1.103 
1.037 0.832 
0.066 0.076 
0.056 1.073 
0.386 0.797 
0.390 0.738 
0.739 0.352 
0.400 0.222 
0.489 0.478 
0.341 0.454 
-0.032 0.558 
-0.106 0.456 
0.128 0.540 
0.366 -0.474 
0.438 0.635 
0.658 0.886 
0.938 0.702 
0.529 0.073 
1.249 0.327 
0.901 0.851 
0.921 0.683 
0.244 0.114 
1.024 1.097 
-0.227 0.728 
0.533 0.650 
0.451 0.582 
1.171 0.650 
0.656 0.208 
0.379 0.661 
0.761 0.262 
1.139 0.674 
1.096 0.871 
0.838 0.470 
0.117 0.176 
0.143 0.247 
0.723 0.993 
0.640 0.719 
0.415 0.503 
0.056 0.189 
0.668 0.318 
0.578 -0.013 
0.318 -0.080 