0.027 0.205 0
0.157 0.047 0
0.615 0.892 0
0.494 0.163 1
0.978 0.039 0
0.896 0.165 0
0.969 0.400 0
0.971 0.537 0
0.972 0.209 0
0.611 0.912 0
0.366 0.292 1
0.104 0.094 0
0.276 0.018 0
0.778 0.678 1
0.265 0.693 1
0.098 0.267 0
0.829 0.525 0
0.287 0.863 0
0.884 0.190 0
0.351 0.571 1
0.988 0.407 0
0.863 0.091 0
0.668 0.619 1
0.976 0.853 0
0.086 0.060 0
0.903 0.841 0
0.229 0.022 0
0.572 0.288 1
0.957 0.102 0
0.196 0.469 1
0.548 0.562 1
0.320 0.745 1
0.807 0.721 0
0.230 0.878 0
0.435 0.463 1
0.740 0.376 1
0.093 0.531 0
0.039 0.304 0
0.544 0.267 1
0.682 0.542 1
0.295 0.862 0
0.809 0.975 0
0.437 0.957 0
0.401 0.445 1
0.721 0.674 1
0.680 0.618 1
0.488 0.755 1
0.779 0.073 0
0.755 0.499 1
0.474 0.058 0
0.623 0.639 1
0.037 0.325 0
0.173 0.105 0
0.289 0.399 1
0.196 0.881 0
0.512 0.429 1
0.438 0.798 1
0.172 0.517 1
0.488 0.158 1
0.346 0.016 0
0.113 0.544 0
0.330 0.869 0
0.622 0.038 0
0.145 0.459 0
0.777 0.329 1
0.583 0.830 1
0.906 0.887 0
0.962 0.349 0
0.107 0.441 0
0.015 0.084 0
0.870 0.505 1
0.172 0.214 0
0.007 0.593 0
0.040 0.763 0
0.520 0.034 0
0.084 0.846 0
0.926 0.069 0
0.319 0.366 1
0.579 0.944 0
0.354 0.853 0
0.777 0.315 1
0.259 0.659 1
0.736 0.145 0
0.549 0.295 1
0.084 0.646 0
0.036 0.069 0
0.162 0.531 1
0.433 0.512 1
0.253 0.011 0
0.354 0.302 1
0.835 0.498 1
0.813 0.527 1
0.126 0.967 0
0.394 0.169 1
0.414 0.245 1
0.021 0.614 0
0.198 0.319 0
0.666 0.869 1
0.704 0.900 0
0.372 0.905 0