0.267 0.295 0.501 B
0.980 0.635 0.706 A
0.267 0.883 0.621 A
0.785 0.880 0.326 C
0.226 0.667 0.616 A
0.752 0.080 0.236 C
0.899 0.714 0.837 A
0.109 0.843 0.078 C
0.633 0.069 0.085 C
0.572 0.819 0.077 C
0.903 0.472 0.852 A
0.330 0.644 0.620 A
0.911 0.440 0.088 C
0.061 0.539 0.691 B
0.484 0.499 0.381 C
0.515 0.646 0.474 C
0.855 0.786 0.681 A
0.608 0.436 0.248 C
0.634 0.545 0.074 C
0.424 0.561 0.225 C
0.157 0.649 0.348 C
0.946 0.332 0.451 C
0.861 0.277 0.468 C
0.350 0.884 0.239 C
0.997 0.308 0.645 A
0.350 0.889 0.475 C
0.645 0.052 0.560 A
0.566 0.924 0.773 A
0.078 0.226 0.870 B
0.360 0.140 0.967 B
0.167 0.908 0.413 C
0.833 0.491 0.099 C
0.018 0.770 0.148 C
0.951 0.122 0.794 A
0.892 0.575 0.808 A
0.426 0.822 0.878 A
0.716 0.560 0.380 C
0.395 0.146 0.865 B
0.160 0.360 0.724 B
0.063 0.445 0.899 B
0.031 0.944 0.151 C
0.760 0.984 0.772 A
0.105 0.300 0.200 C
0.826 0.402 0.545 A
0.997 0.160 0.932 A
0.024 0.153 0.335 C
0.024 0.725 0.102 C
0.766 0.547 0.961 A
0.718 0.570 0.762 A
0.160 0.466 0.243 C
0.663 0.594 0.280 C
0.305 0.536 0.826 A
0.146 0.062 0.003 C
0.250 0.063 0.980 B
0.862 0.405 0.734 A
0.787 0.633 0.918 A
0.068 0.289 0.816 B
0.777 0.331 0.066 C
0.551 0.384 0.584 A
0.681 0.509 0.273 C
0.856 0.758 0.591 A
0.630 0.361 0.288 C
0.241 0.794 0.944 A
0.864 0.945 0.741 A
0.860 0.070 0.800 A
0.115 0.942 0.151 C
0.895 0.782 0.179 C
0.218 0.567 0.013 C
0.744 0.650 0.546 A
0.365 0.552 0.096 C
0.398 0.024 0.485 C
0.424 0.646 0.889 A
0.549 0.255 0.460 C
0.963 0.335 0.274 C
0.795 0.664 0.342 C
0.306 0.456 0.530 A
0.904 0.295 0.616 A
0.405 0.688 0.690 A
0.950 0.612 0.011 C
0.426 0.709 0.801 A
0.481 0.628 0.710 A
0.122 0.815 0.430 C
0.448 0.149 0.030 C
0.782 0.284 0.478 C
0.576 0.943 0.928 A
0.269 0.423 0.422 C
0.228 0.070 0.528 B
0.506 0.657 0.165 C
0.607 0.122 0.696 A
0.305 0.639 0.753 A
0.777 0.169 0.072 C
0.280 0.321 0.082 C
0.255 0.147 0.905 B
0.529 0.265 0.993 A
0.583 0.805 0.872 A
0.940 0.887 0.670 A
0.107 0.075 0.111 C
0.260 0.555 0.251 C
0.064 0.596 0.245 C
0.243 0.594 0.973 A
0.750 0.443 0.827 A
0.164 0.923 0.773 A
0.264 0.886 0.490 C
0.183 0.566 0.186 C
0.595 0.150 0.127 C
0.457 0.260 0.878 A
0.292 0.610 0.658 A
0.492 0.382 0.518 A
0.011 0.356 0.536 B
0.214 0.942 0.804 A
0.739 0.505 0.086 C
0.998 0.310 0.576 A
0.823 0.319 0.549 A
0.900 0.062 0.688 A
0.213 0.260 0.104 C
0.485 0.964 0.973 A
0.757 0.274 0.995 A
0.464 0.027 0.374 C
0.546 0.196 0.911 A
0.434 0.148 0.583 A
0.055 0.544 0.039 C
0.899 0.284 0.108 C
0.331 0.431 0.301 C
0.642 0.220 0.036 C
0.198 0.908 0.703 A
0.071 0.732 0.293 C
0.045 0.147 0.749 B
0.173 0.488 0.501 B
0.521 0.041 0.516 A
0.873 0.213 0.568 A
0.316 0.640 0.194 C
0.396 0.958 0.613 A
0.389 0.389 0.182 C
0.368 0.424 0.259 C
0.669 0.171 0.889 A
0.995 0.068 0.566 A
0.629 0.265 0.103 C
0.502 0.631 0.014 C
0.561 0.392 0.728 A
0.834 0.055 0.891 A
0.025 0.241 0.021 C
0.266 0.705 0.955 A
0.526 0.168 0.621 A
0.381 0.128 0.280 C
0.844 0.997 0.204 C
0.809 0.221 0.060 C
0.855 0.014 0.772 A
0.074 0.773 0.020 C
0.702 0.748 0.207 C
0.969 0.689 0.762 A