4.046 6.274 0
7.316 5.871 1
1.467 4.202 0
8.500 5.885 1
5.687 8.348 1
5.336 2.842 1
6.383 8.848 1
9.527 6.795 1
1.950 5.799 0
6.929 6.349 1
0.243 2.866 0
8.112 0.750 1
8.136 5.169 1
4.550 0.062 0
5.114 1.705 0
8.537 0.277 1
6.937 8.901 1
7.168 4.084 1
1.611 5.894 0
3.343 4.767 0
1.407 4.070 0
9.633 0.248 1
1.461 3.064 0
4.066 6.633 1
7.608 2.941 1
0.418 5.794 0
3.542 7.601 0
9.432 9.487 1
0.133 7.583 0
1.527 3.313 0
7.792 1.397 1
6.049 7.424 1
6.138 3.257 1
6.852 7.284 1
3.911 1.685 0
9.130 7.035 1
6.061 7.814 1
7.775 0.068 1
4.261 4.435 1
3.292 6.219 1
1.692 6.831 0
7.297 2.710 1
2.899 4.277 0
5.970 6.426 1
4.757 6.696 1
6.496 8.389 1
5.127 4.440 1
8.476 7.420 1
1.677 0.388 0
9.578 8.886 1
4.500 2.672 1
2.260 6.153 0
2.671 3.165 0
6.345 6.909 1
6.689 1.632 1
0.387 3.879 0
5.860 7.893 1
3.334 9.625 0
2.122 4.712 0
6.801 8.075 1
9.547 2.240 1
7.445 1.262 1
1.815 0.785 0
8.377 8.303 1
8.326 2.465 1
8.322 5.121 1
3.299 3.839 0
7.338 7.590 1
1.189 1.023 0
8.298 7.857 1
6.077 5.986 1
4.046 3.443 0
2.297 7.716 0
1.180 1.374 0
8.497 4.811 1
2.728 5.096 0
7.575 6.617 0
3.666 0.196 0
0.486 8.555 0
5.156 6.081 1
2.796 3.490 0
5.684 4.649 1
9.027 5.082 1
9.843 3.746 1
1.324 0.943 0
8.440 2.727 1
5.825 3.136 1
6.769 9.798 1
2.166 1.022 0
1.470 5.974 0
9.052 6.842 1
0.197 8.487 0
1.517 7.491 0
2.476 7.241 0
3.592 6.943 1
4.608 1.534 0
3.439 2.514 1
6.239 0.681 1
6.708 4.733 1
1.295 1.390 0