0.229 4.008 4.877 0
1.000 7.562 9.355 1
9.361 5.351 5.216 1
0.371 9.658 8.070 0
5.928 9.787 4.845 0
9.255 3.007 0.822 0
0.074 1.779 5.742 1
5.161 7.467 8.145 1
3.299 2.079 8.474 1
4.566 9.908 4.424 0
1.361 0.411 6.494 1
2.605 2.095 7.801 1
3.149 4.784 9.813 1
7.580 4.213 4.854 1
1.338 8.577 6.997 0
2.340 1.419 5.261 1
3.147 9.014 6.917 0
7.127 3.282 4.134 1
2.032 3.181 4.216 0
0.939 8.525 2.225 0
3.613 0.206 4.930 1
0.984 9.930 6.697 0
1.678 0.732 1.202 0
2.307 6.789 7.648 1
2.570 7.327 6.551 1
2.143 4.802 8.105 1
8.776 1.951 5.624 1
6.079 5.779 7.648 1
5.053 9.128 4.884 0
5.592 2.055 2.400 1
2.897 5.940 3.184 0
9.029 2.977 6.544 1
1.675 2.485 3.663 0
0.603 3.366 3.085 0
7.257 8.931 0.914 0
4.482 6.323 4.038 0
1.447 7.799 9.871 1
3.523 5.264 2.744 0
8.046 2.599 5.357 1
4.742 2.579 3.515 1
3.866 6.472 3.738 0
6.078 4.775 6.285 1
5.510 6.945 0.631 0
1.522 6.512 6.486 1
5.249 5.454 1.113 0
4.186 8.391 2.825 0
1.797 2.754 1.370 0
9.381 5.897 8.163 1
4.331 3.855 3.234 0
2.269 9.361 1.202 0
0.554 8.617 5.559 0
7.171 7.343 9.158 1
2.125 6.633 8.871 1
8.084 8.300 4.126 0
3.292 7.532 2.243 0
2.496 7.936 8.330 1
1.027 0.347 3.850 1
3.054 2.116 5.954 1
7.499 8.062 9.120 1
4.168 7.707 1.748 0
8.194 5.987 2.968 0
3.109 6.264 9.106 1
1.515 5.082 5.018 0
7.682 7.911 2.803 0
8.168 3.870 9.286 1
5.037 5.315 4.108 0
1.165 5.075 2.257 0
8.693 0.139 8.438 1
9.762 5.603 5.804 1
3.340 6.844 8.274 1
3.148 1.017 3.892 1
9.500 1.240 6.522 1
2.208 8.124 4.521 0
2.599 3.647 8.013 1
0.186 1.820 0.836 0
3.543 9.071 9.349 1
5.556 4.810 7.875 1
0.347 9.265 9.774 1
2.931 1.351 3.869 1
2.902 4.058 8.278 1
0.332 8.649 7.571 0
5.447 1.840 4.625 1
3.626 2.021 5.531 1
3.807 1.586 4.497 1
1.462 2.496 5.787 1
6.984 1.289 1.459 1
6.528 7.941 6.895 1
5.155 0.207 0.926 0
1.440 1.386 3.763 1
8.658 4.789 3.841 1
0.088 2.651 4.222 0
5.035 0.666 0.250 0
7.765 1.924 2.778 1
3.691 5.597 5.478 1
5.885 6.421 0.504 0
0.262 0.748 4.086 1
9.631 3.747 2.501 1
5.235 0.180 9.329 1
9.326 8.118 6.884 1
3.915 0.947 8.282 1
8.878 8.047 1.734 0
7.293 8.666 5.349 1
7.093 6.648 8.962 1
5.889 5.955 9.348 1
0.194 8.178 6.531 0
1.148 3.621 1.857 0
6.357 6.962 2.982 0
1.448 6.970 7.025 1
5.584 7.319 0.705 0
2.297 2.140 5.545 1
0.745 5.638 6.906 1
2.789 9.823 7.978 1
8.091 8.221 3.713 0
2.891 6.266 5.121 0
8.070 1.035 1.363 1
8.618 3.932 5.630 1
9.772 0.011 0.925 1
4.691 6.715 3.572 0
4.806 3.007 5.490 1
6.724 7.067 1.123 0
8.943 7.080 1.283 0
7.524 4.943 4.080 1
2.341 7.199 2.647 0
4.571 0.941 0.416 0
1.670 5.027 7.328 1
8.247 8.510 4.548 1
9.966 8.907 1.023 0
2.889 2.622 2.515 0
2.521 8.686 2.626 0
5.225 4.783 5.781 1
9.641 1.509 4.120 1
7.282 6.763 3.832 0
9.583 7.216 1.566 0
3.312 7.946 8.283 1
7.504 4.470 6.119 1
2.835 3.651 3.680 0
8.726 1.262 6.542 1
4.340 4.341 2.694 0
7.149 5.909 7.131 1
6.736 8.079 5.903 1
2.132 7.189 7.525 1
8.116 1.123 8.860 1
9.652 4.745 3.331 1
3.898 4.040 1.636 0
6.079 3.384 9.010 1
8.928 3.232 8.537 1
5.364 7.412 6.976 1
0.598 0.234 8.195 1
2.985 3.631 9.348 1
2.561 3.697 6.718 1
2.453 4.138 1.301 0
1.115 1.405 9.105 1
2.706 2.551 7.462 1
8.813 2.248 6.610 1
7.213 9.801 5.300 0
2.385 0.490 0.261 0
8.098 8.118 1.946 0
4.529 7.256 3.226 0
1.123 4.351 3.396 0
1.654 6.592 7.215 1
9.828 6.243 7.544 1
2.133 5.992 0.623 0
9.667 7.808 4.982 1
2.146 3.776 8.603 1
5.450 2.429 4.018 1
8.676 8.201 7.766 1
7.913 4.822 8.856 1
1.735 5.679 0.704 0
7.739 5.492 2.389 0
0.386 8.003 8.027 1
7.849 3.811 7.532 1
9.629 0.944 8.124 1
7.278 8.361 3.570 0
7.730 9.115 7.316 1
2.472 5.664 6.435 1
6.055 4.477 5.627 1
4.303 0.940 4.380 1
5.981 8.383 5.845 1
1.645 7.018 2.982 0
9.959 9.518 6.083 1
4.814 0.045 5.932 1
6.293 2.648 8.525 1
4.703 3.105 0.541 0
9.709 5.535 9.562 1
5.931 1.409 9.421 1
2.286 3.921 8.999 1
4.819 5.162 2.278 0
1.810 6.944 8.550 1
5.522 8.759 4.274 0
7.137 7.889 2.297 0
0.131 7.426 9.882 1
2.620 7.639 4.311 0
1.074 4.962 3.703 0
6.179 0.727 1.141 0
6.621 8.685 2.175 0
8.081 6.349 9.363 1
2.834 0.242 2.625 1
0.006 9.245 0.868 0
7.759 3.404 8.607 1
6.456 7.814 1.109 0
6.203 2.469 2.973 1
3.092 9.349 7.989 1
5.899 7.429 2.627 0
9.068 4.784 1.581 0
8.386 4.513 1.390 0
2.911 7.819 7.388 1
0.433 3.247 9.947 1
4.057 5.829 8.328 1
4.303 3.672 4.300 1
4.567 2.411 3.146 1
7.710 9.830 6.680 1
8.136 3.982 1.438 0
6.756 8.176 5.368 1
5.932 5.283 8.001 1
7.700 2.037 2.363 1
1.359 1.194 1.682 0
5.853 5.747 0.341 0
8.296 4.732 6.440 1
2.432 4.600 2.866 0
9.897 3.610 4.803 1
2.696 9.245 4.270 0
7.515 0.259 6.425 1
1.173 5.666 8.181 1
1.819 2.668 6.931 1
2.315 4.370 6.114 1
0.678 5.953 4.750 0
7.378 4.921 0.094 0
0.882 7.017 6.131 0
0.873 4.450 5.735 1
3.271 7.194 1.032 0
2.390 1.279 4.741 1
3.334 0.256 5.087 1
2.119 7.283 8.261 1
1.862 5.672 5.335 0
0.901 5.137 5.044 0
2.715 9.490 9.917 1
8.104 9.059 0.848 0
7.277 7.736 4.426 0
3.173 0.211 8.036 1
7.672 9.712 0.119 0
9.152 0.355 6.815 1
3.300 1.059 1.666 0
9.011 9.934 2.059 0
7.783 9.001 4.655 0
8.091 9.186 2.161 0
5.871 4.616 5.528 1
8.497 3.428 8.856 1
2.388 9.543 9.159 1
3.741 6.148 9.472 1
7.793 6.995 1.756 0
4.483 6.041 5.537 1
7.419 9.467 9.290 1
8.659 6.609 4.205 1
3.953 8.017 4.150 0
1.841 9.465 1.431 0
5.254 0.509 5.206 1
6.141 4.985 8.355 1
2.042 8.688 8.989 1
8.470 6.412 4.823 1
2.565 6.492 2.177 0
1.489 6.082 6.510 1
3.786 4.458 8.081 1
3.060 4.868 4.571 0
1.180 7.626 2.330 0
2.523 8.507 9.282 1
1.693 6.810 5.451 0
4.616 6.916 1.604 0
6.953 5.629 2.529 0
4.361 5.152 9.125 1
6.291 8.167 2.661 0
8.737 7.129 5.311 1
1.639 4.667 3.380 0
3.455 5.745 3.534 0
8.890 5.116 7.759 1
5.661 5.531 9.800 1
2.778 3.122 4.380 1
5.883 6.474 0.631 0
4.846 4.959 2.867 0
5.051 0.131 5.054 1
6.589 1.166 0.187 0
4.896 1.679 2.125 0
2.324 0.575 5.394 1
2.560 4.027 7.956 1
8.868 9.167 3.034 0
2.731 2.620 8.664 1
1.588 8.614 7.889 1
3.134 2.081 8.211 1
8.899 1.915 6.268 1
1.675 8.306 2.565 0
9.778 5.996 1.526 0
6.089 2.161 4.136 1
1.364 3.658 4.024 0
9.387 3.402 2.927 1
6.210 9.751 8.213 1
6.935 5.957 3.347 0
1.271 8.972 2.034 0
3.482 8.202 8.130 1
3.178 5.155 6.348 1
0.960 4.364 3.315 0
6.886 4.441 4.566 1